MVS 832 468
4
0 342.686 342.686 407.893 221.789 1 6.86852e-05 -7.71802e-05 3.55588e-05 0.000173274 3.73321e-05 -0.000120675 1656522124.313075
1 342.686 342.686 407.893 221.789 1 -1.26679e-07 1.30205e-07 -1.28159e-07 -3.72529e-09 1.49012e-08 1.49012e-08 1656522123.713070
2 342.686 342.686 407.893 221.789 1 5.79549e-05 -9.88585e-05 5.03826e-05 0.000265353 0.000118124 -0.000119218 1656522124.579552
3 342.686 342.686 407.893 221.789 1 0.000174343 -0.00011649 -2.01315e-05 0.000248681 0.000349001 -9.65079e-05 1656522124.046577
1348
 0.0861068 0.272126 0.795662 4 0 1 2 3 
 0.545308 0.273325 0.578468 3 0 1 2 3 
 0.574535 0.259266 0.541144 4 0 1 2 3 
 0.770809 0.249885 0.689471 4 0 1 2 3 
 0.488912 0.29515 0.48505 2 0 1 3 
 0.442421 0.287793 0.54134 4 0 1 2 3 
 -1.71546 -2.38795 23.6939 4 0 1 2 3 
 -3855.38 -1006.96 8555.81 3 0 1 2 3 
 -100.309 -23.6828 188.008 4 0 1 2 3 
 -30.973 -11.5224 98.0009 4 0 1 2 3 
 -134.698 -39.9989 340.213 4 0 1 2 3 
 -1.58579 0.0287918 2.94318 2 0 1 2 3 
 -3.87956 -9.81345 29.5697 4 0 1 2 3 
 -2.54258 -7.66096 27.2188 4 0 1 2 3 
 -0.524486 0.294659 0.825228 3 0 1 2 3 
 -1.20072 0.188085 1.86484 4 0 1 2 3 
 -0.556666 0.284096 0.901703 3 0 1 3 
 -1.24425 0.240376 1.3076 3 0 1 3 
 -0.941284 0.267758 1.2476 2 0 3 
 -1.07314 0.294848 1.16735 2 1 3 
 -0.134743 0.270847 0.758557 4 0 1 2 3 
 -0.00920618 0.283218 0.667553 3 0 1 2 3 
 -0.0567081 0.279659 0.634067 4 0 1 2 3 
 -0.0713652 0.279159 0.699541 4 0 1 2 3 
 -0.0551652 0.298649 0.518972 4 0 1 2 3 
 -0.0346096 0.294059 0.538507 4 0 1 2 3 
 -0.307815 0.29165 0.609065 4 0 1 2 3 
 -0.410834 0.293682 0.768274 4 0 1 2 3 
 -0.168515 0.284207 0.633 3 0 1 2 3 
 -0.242878 0.287554 0.786474 4 0 1 2 3 
 -0.208645 0.221784 1.25693 3 0 1 2 3 
 -0.183293 0.174571 1.66191 3 0 1 2 3 
 -0.184227 0.257086 1.17681 4 0 1 2 3 
 -0.0271224 0.26217 0.780144 4 0 1 2 3 
 -0.509257 0.187342 1.8576 3 0 1 2 3 
 -0.426489 0.259331 1.18708 3 0 1 2 3 
 8.94909 -4.43138 25.7281 4 0 1 2 3 
 9.73032 -5.71746 26.6846 4 0 1 2 3 
 10.7887 -4.23587 23.1783 4 0 1 2 3 
 6.35253 -3.54056 24.0818 4 0 1 2 3 
 5.31452 -3.99668 24.9398 4 0 1 2 3 
 7.82016 -7.01626 28.2979 3 0 1 2 
 0.584453 0.0506105 2.40803 4 0 1 2 3 
 10.336 -7.99546 26.8033 4 0 1 2 3 
 8.69205 -7.1391 24.9887 4 0 1 2 3 
 17.3898 -8.12533 29.6321 4 0 1 2 3 
 7.29699 -7.64343 25.6238 4 0 1 2 3 
 6.05206 -8.1829 27.8248 4 0 1 2 3 
 27.4498 -7.1224 27.2393 3 0 1 2 
 22.9252 -6.94658 35.9431 4 0 1 2 3 
 24.2215 -4.6323 28.1351 3 0 1 2 3 
 23.5874 -5.29 30.7089 4 0 1 2 3 
 23.0716 -6.34504 30.2025 4 0 1 2 3 
 1.4453 0.0526009 2.08748 4 0 1 2 3 
 1.98638 -0.0367093 2.4942 3 0 1 2 3 
 23.5569 -10.1462 22.9953 4 0 1 2 3 
 23.3198 -9.95533 22.5213 4 0 1 2 3 
 26.0194 -7.7686 26.0387 4 0 1 2 3 
 24.014 -10.0495 24.6549 4 0 1 2 3 
 19.9616 -7.52549 21.3202 4 0 1 2 3 
 25.6569 -8.0098 24.1279 4 0 1 2 3 
 18.3623 -6.34827 15.9017 4 0 1 2 3 
 25.6634 -8.45963 24.2548 3 0 1 2 3 
 30.4838 -11.8066 43.2298 4 0 1 2 3 
 25.007 -9.40739 30.0841 4 0 1 2 3 
 23.9824 -9.05261 31.2239 4 0 1 2 3 
 22.4891 -9.15939 26.2624 4 0 1 2 3 
 0.304251 0.2745 0.726058 4 0 1 2 3 
 0.417248 0.263187 0.726229 4 0 1 2 3 
 0.341854 0.271194 0.744033 3 0 1 2 3 
 0.222158 0.304109 0.509825 4 0 1 2 3 
 0.186105 0.289693 0.56995 4 0 1 2 3 
 0.0951875 0.290298 0.617034 4 0 1 2 3 
 0.0825076 0.273526 0.794022 3 0 1 2 
 0.0723473 0.272937 0.792318 3 0 1 3 
 0.0247993 0.294098 0.551294 4 0 1 2 3 
 0.0935929 0.301886 0.5097 4 0 1 2 3 
 0.126366 0.297081 0.539873 4 0 1 2 3 
 0.664127 0.156988 1.62809 2 0 1 3 
 0.791823 0.167863 1.37793 4 0 1 2 3 
 0.325777 0.258678 0.76963 2 0 1 
 0.39335 0.232141 1.073 4 0 1 2 3 
 0.433808 0.244716 0.869479 4 0 1 2 3 
 0.190512 0.266548 0.89367 4 0 1 2 3 
 0.330515 0.226306 1.15 4 0 1 2 3 
 0.542158 0.27263 0.574908 4 0 1 2 3 
 0.650025 0.244681 0.685276 4 0 1 2 3 
 0.563326 0.260034 0.547779 3 0 1 3 
 0.790315 0.253038 0.684536 3 1 2 3 
 0.452789 0.287337 0.492236 3 0 1 2 3 
 0.501648 0.284315 0.545819 4 0 1 2 3 
 0.528938 0.292216 0.504068 4 0 1 2 3 
 0.442191 0.287211 0.540491 1 0 2 
 -0.00331849 0.291108 0.529873 2 0 1 2 3 
 0.0949169 0.289043 0.615284 3 0 1 2 3 
 -0.38507 0.302967 0.625668 2 0 1 2 3 
 0.608872 0.271387 0.634406 3 0 1 2 3 
 0.0599586 0.283112 0.637096 3 0 2 3 
 -0.00597688 0.278996 0.670346 2 0 1 2 3 
 0.664273 0.238928 0.680095 3 0 1 2 3 
 0.558156 0.25285 0.698353 3 0 1 2 3 
 0.556257 0.252258 0.692237 3 0 1 2 3 
 -0.321424 0.310964 0.573932 2 0 2 3 
 -0.703017 -0.00467567 2.90321 2 0 2 3 
 2.46601 -0.21154 2.80151 2 0 2 3 
 -0.210805 -0.0875609 2.92934 3 0 1 2 3 
 0.738318 -0.0830718 3.09499 2 0 2 3 
 2.13363 0.377749 3.32893 3 0 1 2 3 
 -1.16694 -0.162644 3.12659 2 0 2 3 
 -1.66691 -0.275973 5.05881 1 1 3 
 -3.99209 -0.268632 5.20869 2 0 2 3 
 0.573662 0.248874 0.703601 2 0 3 
 0.0228384 0.275256 0.716108 2 2 3 
 0.501424 0.251131 0.715068 2 0 3 
 0.209965 0.27686 0.718727 3 0 1 2 3 
 0.554133 0.232098 0.724588 3 0 1 2 3 
 0.600256 0.199146 0.722948 3 0 2 3 
 0.304543 0.273088 0.724336 2 0 1 2 3 
 -0.0519446 0.278214 0.732537 3 0 1 2 3 
 0.58365 0.184431 0.798113 2 0 3 
 0.508976 0.211683 0.747047 3 0 1 2 3 
 0.298134 0.271974 0.745982 4 0 1 2 3 
 0.508545 0.214802 0.758044 2 0 1 2 3 
 0.328928 0.26094 0.765015 3 0 2 3 
 0.325629 0.259725 0.771247 3 0 1 2 3 
 0.524913 0.216863 0.768463 3 0 1 2 3 
 0.254363 0.264928 0.774221 4 0 1 2 3 
 0.875497 0.235347 0.778133 3 0 1 2 3 
 0.2528 0.264449 0.779867 3 0 1 2 3 
 0.527306 -3.93461 28.2446 2 0 1 2 3 
 -2.66216 -3.93697 30.568 4 0 1 2 3 
 -3.95791 -8.4567 32.1134 4 0 1 2 3 
 -1.65204 -2.27802 22.6032 4 0 1 2 3 
 -104.664 -25.3449 196.817 2 1 3 
 -4.72003 -0.443985 8.5794 4 0 1 2 3 
 -4.43005 -11.0867 33.4063 4 0 1 2 3 
 -0.501043 0.302159 0.712206 2 0 1 2 3 
 22.3719 -6.94571 21.1081 4 0 1 2 3 
 20.4193 -7.05752 17.6835 4 0 1 2 3 
 21.6908 -7.52614 20.1889 2 0 1 3 
 9.0397 -6.90759 23.2656 4 0 1 2 3 
 -0.285651 0.306972 0.596669 3 0 1 2 3 
 -184.687 -16.5016 211.537 2 1 3 
 -1.55952 -2.24819 22.1787 4 0 1 2 3 
 22.0902 -9.41232 21.2533 4 0 1 2 3 
 24.5076 -8.95415 27.7044 4 0 1 2 3 
 27.667 -10.3949 35.8899 4 0 1 2 3 
 0.420515 0.268677 0.723835 4 0 1 2 3 
 0.0960153 0.28893 0.614281 4 0 1 2 3 
 0.0845516 0.294279 0.556619 3 0 1 2 3 
 -0.869732 0.182033 1.81121 3 0 1 2 3 
 -1.25838 -0.122441 1.55603 3 0 1 2 3 
 -4.40184 -4.47034 34.7568 4 0 1 2 3 
 6.62702 -6.24287 28.2455 4 0 1 2 3 
 0.483855 0.264308 0.59664 4 0 1 2 3 
 -0.997457 0.230245 1.4251 2 0 1 2 3 
 0.022559 0.292393 0.550024 4 0 1 2 3 
 0.678379 0.220627 1.14171 4 0 1 2 3 
 0.69513 0.173569 1.37598 4 0 1 2 3 
 0.326757 0.261708 0.771787 4 0 1 2 3 
 0.448102 0.257009 0.745112 4 0 1 2 3 
 0.428667 0.244982 0.863623 3 0 1 2 3 
 5.37597 -6.79239 23.3372 4 0 1 2 3 
 -1.21824 0.211939 1.5462 4 0 1 2 3 
 -0.630613 0.225711 1.35883 4 0 1 2 3 
 -0.164429 0.278464 0.630167 3 0 1 2 3 
 -0.0960187 0.252364 0.830161 3 0 1 2 3 
 -0.18927 0.265659 1.18504 3 0 1 2 3 
 0.122319 0.299614 0.54507 2 0 1 3 
 0.60588 0.158799 1.46271 4 0 1 2 3 
 0.666247 0.0907193 1.79564 3 0 1 2 3 
 0.353095 0.265228 0.916238 3 1 2 3 
 0.816019 0.17891 1.30548 4 0 1 2 3 
 0.992131 0.146306 1.45221 4 0 1 2 3 
 1.20102 0.0722473 2.03973 3 0 1 2 3 
 0.530612 0.211372 0.730239 4 0 1 2 3 
 1.37758 -0.0018081 1.52607 4 0 1 2 3 
 0.558038 0.284112 0.529771 4 0 1 2 3 
 -0.440289 0.314674 0.556683 2 0 1 2 3 
 -0.462773 0.295236 0.590543 4 0 1 2 3 
 -0.365431 0.29652 0.629658 4 0 1 2 3 
 -1.84975 -0.171578 3.86553 3 0 1 2 3 
 7.9976 -4.28329 18.9591 3 1 2 3 
 0.44019 0.248791 0.624558 4 0 1 2 3 
 0.413319 0.260656 0.719908 4 0 1 2 3 
 -0.277086 0.0288569 2.2312 3 0 1 3 
 -1.67319 -0.829939 11.3036 4 0 1 2 3 
 -0.041508 0.29441 0.534546 4 0 1 2 3 
 -0.0253854 0.29424 0.588517 4 0 1 2 3 
 1.38189 -0.0417949 2.71518 3 0 1 2 3 
 1.25477 -0.0215871 2.65483 3 0 1 2 3 
 1.34155 -0.0868428 2.74988 3 0 1 3 
 0.735256 0.15719 1.38551 4 0 1 2 3 
 0.772021 0.140785 1.39743 4 0 1 2 3 
 0.703709 0.110256 1.42105 3 0 1 3 
 1.49371 0.0456887 2.18625 3 0 1 2 3 
 1.53679 -0.0433282 2.51679 4 0 1 2 3 
 1.79917 -0.116199 2.54626 2 0 1 2 3 
 1.69743 -0.19597 2.82591 2 1 3 
 29.7682 -7.27969 41.7978 2 0 1 
 25.0698 -8.03326 35.5538 4 0 1 2 3 
 31.4506 -9.53804 50.3047 3 0 1 3 
 0.568358 0.253302 0.592675 3 0 1 2 3 
 0.648754 0.243708 0.686882 4 0 1 2 3 
 -0.248738 0.292861 0.612446 4 0 1 2 3 
 10.1783 -3.36866 19.1734 4 0 1 2 3 
 9.52061 -3.91792 21.7968 3 1 2 3 
 9.84489 -4.03203 19.0717 3 0 1 2 3 
 9.41067 -3.77758 19.9133 3 0 1 2 
 -0.490261 0.30327 0.597928 4 0 1 2 3 
 -0.389159 0.267438 0.879726 3 0 1 2 3 
 -0.578073 0.281812 1.10817 4 0 1 2 3 
 -0.0692611 0.174156 1.6121 3 0 1 2 3 
 0.183911 0.274855 0.6022 3 0 1 2 3 
 0.300684 0.278142 0.738573 3 0 1 2 3 
 0.275108 0.268497 0.756728 4 0 1 2 3 
 -1.21119 0.211294 1.46437 2 1 3 
 1.07313 -0.0144794 2.54421 2 0 1 3 
 0.94569 -0.13143 2.95545 2 1 3 
 0.246447 0.287357 0.521724 4 0 1 2 3 
 -0.372428 0.277263 0.870472 4 0 1 2 3 
 0.0638119 0.206988 1.29684 4 0 1 2 3 
 1.12674 0.140717 1.39682 4 0 1 2 3 
 0.791552 0.219338 0.866332 3 0 1 2 3 
 0.434253 0.272209 0.569232 4 0 1 2 3 
 0.53477 0.268733 0.57062 4 0 1 2 3 
 0.214895 0.246168 1.13493 2 0 1 2 
 0.508626 0.225751 0.943695 4 0 1 2 3 
 0.0280424 0.282408 0.530095 1 1 3 
 0.0693733 0.269396 0.791656 4 0 1 2 3 
 0.165975 0.291473 0.543523 4 0 1 2 3 
 22.7628 -8.45924 29.8368 4 0 1 2 3 
 17.4966 -8.23326 29.5582 4 0 1 2 3 
 22.1023 -6.62867 22.2003 4 0 1 2 3 
 17.3886 -6.87068 19.3694 3 0 1 2 3 
 18.878 -8.37117 17.4352 4 0 1 2 3 
 20.8013 -4.71636 27.347 4 0 1 2 3 
 6.39883 -6.56657 22.5447 4 0 1 2 3 
 8.30038 -5.9194 21.5298 3 0 1 2 3 
 4.73025 -2.63561 18.0461 4 0 1 2 3 
 -0.628192 0.168876 1.80565 2 0 1 3 
 0.0176975 0.254428 1.17295 4 0 1 2 3 
 -0.0633956 0.276907 0.626571 3 0 1 2 
 -0.777618 0.299405 0.843847 3 0 1 3 
 -2.42258 -6.68111 22.3823 4 0 1 2 3 
 -2.90466 -7.75181 23.6667 4 0 1 2 3 
 -20.4953 -7.52185 64.3057 4 0 1 2 3 
 -97.9592 -25.5589 232.982 4 0 1 2 3 
 -2.95307 -3.84518 29.2398 4 0 1 2 3 
 -3.76784 -4.02039 28.9728 4 0 1 2 3 
 -1.47176 0.0175068 2.73028 2 1 2 3 
 -1.30815 -0.331419 2.29782 2 0 1 2 3 
 -2.30798 -0.414601 2.86985 2 1 3 
 -31.0606 -16.4799 49.2286 2 0 1 3 
 -0.414902 0.2952 0.585441 4 0 1 2 3 
 -0.45868 0.295418 0.587496 4 0 1 2 3 
 -0.212142 0.266841 0.881968 3 0 1 2 3 
 0.657773 0.0943629 2.26996 3 0 1 2 3 
 0.673771 0.0693262 2.13195 4 0 1 2 3 
 0.508109 0.226452 0.937389 4 0 1 2 3 
 17.7589 -3.47563 20.7049 3 0 1 2 3 
 -0.780146 0.162988 1.92167 3 0 1 2 3 
 -0.269104 0.279691 1.07982 4 0 1 2 3 
 -0.30552 0.267359 1.10018 4 0 1 2 3 
 -0.309781 0.036835 2.43624 2 0 1 2 3 
 -1.17832 -0.60568 8.16805 4 0 1 2 3 
 -0.424179 -0.118986 1.90265 2 0 1 2 3 
 0.125855 -0.0135684 2.26816 3 0 1 2 3 
 0.132984 0.289181 0.537799 2 0 1 2 3 
 0.163737 0.278695 0.618475 4 0 1 2 3 
 0.183384 0.273215 0.594825 3 0 1 2 3 
 1.39317 -0.0297031 2.69127 4 0 1 2 3 
 0.728287 0.153473 1.38375 3 0 1 2 3 
 0.748138 0.125277 1.36883 2 0 1 3 
 0.298816 0.286433 0.532677 4 0 1 2 3 
 19.8931 -3.78737 26.7251 3 0 1 2 3 
 23.3373 -5.54923 29.9494 4 0 1 2 3 
 23.6353 -5.31722 31.3723 4 0 1 2 3 
 -0.498262 0.313136 0.591962 4 0 1 2 3 
 -1.80027 -0.0940419 2.53252 4 0 1 2 3 
 -0.070461 0.282864 0.517691 4 0 1 2 3 
 -0.117661 0.294947 0.548536 4 0 1 2 3 
 -0.138575 0.279782 0.620909 3 0 1 2 3 
 7.39633 -3.04082 19.1096 3 0 1 2 3 
 6.2735 -2.52462 17.8171 3 0 1 2 3 
 8.08502 -4.93255 22.4088 4 0 1 2 3 
 6.45617 -4.05925 20.9268 4 0 1 2 3 
 0.295858 0.285211 0.731943 3 0 1 2 3 
 0.278996 0.268009 0.755354 4 0 1 2 3 
 0.233485 0.284985 0.521545 3 0 1 2 3 
 0.276597 0.267954 0.594644 4 0 1 2 3 
 0.560224 0.179984 0.719245 4 0 1 2 3 
 0.444724 0.252174 0.619502 4 0 1 2 3 
 0.508975 0.257723 0.708964 4 0 1 2 3 
 1.50357 -0.00610487 1.66429 4 0 1 2 3 
 1.93151 -0.15646 2.31115 4 0 1 2 3 
 -0.368339 0.278303 0.869769 3 0 1 2 3 
 -0.397814 0.230565 0.946732 3 0 1 2 3 
 0.546584 0.259243 0.650775 4 0 1 2 3 
 13.1927 -4.38506 24.8376 4 0 1 2 3 
 9.46946 -3.63409 19.615 4 0 1 2 3 
 -1.19881 0.137096 1.52433 2 0 1 2 3 
 0.707854 0.215394 1.13775 4 0 1 2 3 
 1.14246 0.143447 1.40368 4 0 1 2 3 
 0.815785 0.177211 1.29309 4 0 1 2 3 
 1.53844 0.0874091 1.49104 4 0 1 2 3 
 0.349555 0.0416937 0.386858 3 0 1 3 
 0.432984 0.276061 0.568651 4 0 1 2 3 
 0.4158 0.261289 0.718774 4 0 1 2 3 
 0.559965 0.284688 0.529411 3 0 1 2 3 
 0.668476 0.244353 0.688697 4 0 1 2 3 
 0.178582 0.225728 1.24977 4 0 1 2 3 
 0.159572 0.138073 1.47676 3 0 1 2 3 
 0.0256976 0.29476 0.548177 4 0 1 2 3 
 0.152095 0.272655 0.715743 4 0 1 2 3 
 0.287879 0.263614 0.596547 4 0 1 2 3 
 19.6002 -9.22943 32.8316 4 0 1 2 3 
 21.9701 -6.52216 21.8435 4 0 1 2 3 
 23.6767 -8.90619 28.1843 4 0 1 2 3 
 1.98389 -0.0750233 2.63479 3 0 1 2 3 
 1.45583 -0.0252842 2.35499 2 1 3 
 1.64439 -0.0574006 1.54165 4 0 1 2 3 
 5.43137 -5.21916 21.1946 4 0 1 2 3 
 9.52033 -5.52642 21.6743 4 0 1 2 3 
 9.27867 -6.82489 23.5202 4 0 1 2 3 
 4.59298 -2.60655 17.3301 4 0 1 2 3 
 0.0252258 0.260049 1.20692 4 0 1 2 3 
 -0.234691 0.161454 1.72686 2 0 1 2 
 -0.0436468 0.279618 0.749233 3 0 1 2 3 
 -2.36107 0.11813 2.36279 2 0 1 2 3 
 -0.556184 0.276888 1.07443 3 0 1 2 3 
 -0.427129 0.302274 0.758795 4 0 1 2 3 
 -2.21046 -6.53501 21.8928 4 0 1 2 3 
 -2.68774 -7.35373 22.5387 4 0 1 2 3 
 -1.79516 -0.0923067 4.21919 2 0 1 2 3 
 -75.5586 -19.465 182.141 3 0 1 2 
 -4.2385 -4.43241 33.3376 4 0 1 2 3 
 4.63647 -2.55837 17.6224 4 0 1 2 3 
 3.83801 -2.79002 17.2086 3 0 1 3 
 0.188476 0.28494 0.578644 4 0 1 2 3 
 0.507457 0.22902 0.946471 4 0 1 2 3 
 1.35398 -0.0244762 2.63329 4 0 1 2 3 
 1.10885 -0.0876997 2.35539 3 0 1 2 3 
 10.2002 -5.29473 23.1377 4 0 1 2 3 
 0.710338 0.217368 1.14818 4 0 1 2 3 
 0.559322 0.224115 0.969688 4 0 1 2 3 
 0.373416 0.28295 0.574591 4 0 1 2 3 
 0.304401 0.274885 0.558228 4 0 1 2 3 
 0.377374 0.267734 0.580681 4 0 1 2 3 
 0.561587 0.174922 0.724236 4 0 1 2 3 
 -1.74829 -0.0632004 2.09484 4 0 1 2 3 
 -0.581686 0.224 1.32994 3 0 1 2 
 -0.792932 0.161499 1.90413 3 0 1 2 3 
 -0.930538 0.161167 1.9005 3 0 1 2 
 -0.20449 0.277199 0.678084 4 0 1 2 3 
 -1.08146 -0.540126 7.50432 4 0 1 2 3 
 -0.742617 -0.245069 4.23071 3 0 1 2 3 
 -0.0682326 0.302552 0.601643 4 0 1 2 3 
 0.137467 0.136547 1.48837 3 1 2 3 
 0.502433 0.164259 1.40944 4 0 1 2 3 
 0.453205 0.190599 1.39066 4 0 1 2 3 
 0.790338 0.172156 1.25623 4 0 1 2 3 
 1.32362 0.107053 2.00377 4 0 1 2 3 
 0.781617 0.133882 1.40592 4 0 1 2 3 
 0.438971 0.251812 0.615977 4 0 1 2 3 
 -0.404135 0.274576 0.902332 4 0 1 2 3 
 -0.318319 0.245796 1.11995 3 0 1 2 
 -0.141662 0.291636 0.568149 3 0 1 2 3 
 -0.220521 0.298462 0.662347 4 0 1 2 3 
 0.754287 0.121896 1.4379 4 0 1 2 3 
 0.639651 0.138156 1.45072 4 0 1 2 3 
 30.3733 -5.71359 45.9776 3 1 2 3 
 21.1206 -5.91229 37.9854 4 0 1 2 3 
 39.5771 -12.0738 58.0653 4 0 1 2 3 
 0.0161846 0.195712 1.32676 3 0 1 2 3 
 0.269888 -0.0457959 2.31845 3 0 1 2 3 
 0.209622 -0.0913597 2.24712 3 0 1 2 3 
 0.296119 0.28791 0.742183 4 0 1 2 3 
 0.256987 0.295292 0.741234 4 0 1 2 3 
 0.277838 0.269479 0.755784 4 0 1 2 3 
 0.22995 0.262144 0.781008 4 0 1 2 3 
 10.2609 -6.2565 25.0516 4 0 1 2 3 
 8.96362 -6.718 27.6672 4 0 1 2 3 
 13.066 -9.87711 33.7828 4 0 1 2 3 
 7.36588 -7.34075 26.0323 4 0 1 2 3 
 0.596005 0.242138 0.66932 4 0 1 2 3 
 0.537773 0.258824 0.649724 4 0 1 2 3 
 -1.26219 0.218771 1.54536 3 0 2 3 
 5.25255 -2.65628 17.6806 3 0 1 3 
 8.15275 -3.35365 21.5476 3 0 1 2 3 
 6.45243 -4.17775 21.1575 4 0 1 2 3 
 19.3764 -6.4539 36.5654 2 1 3 
 8.58705 -3.52158 19.9461 3 0 1 2 3 
 1.15402 0.129638 1.52921 4 0 1 2 3 
 0.791447 0.222333 0.872419 4 0 1 2 3 
 1.4916 0.092774 1.45301 4 0 1 2 3 
 1.15231 0.150913 1.428 4 0 1 2 3 
 0.438455 0.276278 0.57321 4 0 1 2 3 
 0.42971 0.26948 0.694691 4 0 1 2 3 
 0.553564 0.267972 0.568301 4 0 1 2 3 
 0.488519 0.266538 0.605532 4 0 1 2 3 
 0.174426 0.226639 1.26703 4 0 1 2 3 
 0.346277 0.164253 1.41419 3 0 1 2 3 
 0.388149 0.235308 1.1193 3 0 1 2 3 
 28.2376 -10.5183 37.4136 4 0 1 2 3 
 26.4169 -7.65943 26.2657 4 0 1 2 3 
 21.397 -8.4064 25.2121 4 0 1 2 3 
 1.92483 -0.0781512 2.58629 4 0 1 2 3 
 1.58 -0.0513139 2.59745 4 0 1 2 3 
 2.03812 -0.157078 2.44633 4 0 1 2 3 
 15.6826 -3.08439 18.567 3 0 1 2 3 
 5.80264 -5.73433 22.9617 4 0 1 2 3 
 1.01092 -0.0746573 2.46832 2 0 1 
 -0.389442 0.235483 0.935268 2 0 1 3 
 -0.0640657 0.239999 1.26761 4 0 1 2 3 
 -0.0294009 0.291673 0.58002 4 0 1 2 3 
 -0.660943 0.29719 0.83359 3 1 2 3 
 -0.425507 0.301658 0.599895 4 0 1 2 3 
 -0.428386 0.303164 0.761028 3 0 1 2 3 
 -0.649442 0.290242 0.864715 4 0 1 2 3 
 -3.01129 -10.7163 36.7587 4 0 1 2 3 
 -3.77393 -10.1773 30.5309 4 0 1 2 3 
 -5.52943 -5.63116 41.1527 4 0 1 2 3 
 -2.5107 -0.103973 3.40343 3 0 1 2 3 
 -0.279876 0.273677 1.12307 4 0 1 2 3 
 -0.32717 0.0386668 2.26065 2 0 1 3 
 -0.433231 0.0623648 2.04831 3 0 1 2 3 
 0.173095 0.224135 1.23857 4 0 1 2 3 
 0.521687 0.186358 1.50511 3 0 1 3 
 0.429111 0.177913 1.36039 4 0 1 2 3 
 0.297084 0.27027 0.575705 3 0 1 2 
 0.276302 0.27084 0.609528 4 0 1 2 3 
 1.26925 0.066704 2.19214 4 0 1 2 3 
 1.48464 -0.0485572 2.45759 4 0 1 2 3 
 29.3862 -14.0686 49.6747 4 0 1 2 3 
 32.5264 -15.9102 56.1773 4 0 1 2 3 
 0.781171 0.165675 1.26693 4 0 1 2 3 
 0.775024 0.130328 1.39933 4 0 1 2 3 
 0.514767 0.231299 0.951067 4 0 1 2 3 
 0.686908 0.220049 1.13722 4 0 1 2 3 
 0.668378 0.246225 0.690579 4 0 1 2 3 
 0.613115 0.233023 0.677406 4 0 1 2 3 
 -0.667269 0.301113 0.860862 4 0 1 2 3 
 -0.650242 0.286979 0.865781 4 0 1 2 3 
 -0.618011 0.214127 1.37362 4 0 1 2 3 
 -0.787215 0.171983 1.85521 3 0 1 2 3 
 -0.940782 0.155606 1.92974 3 0 1 2 3 
 -0.0940446 0.296398 0.631402 4 0 1 2 3 
 -0.134811 0.282214 0.601207 4 0 1 2 3 
 0.132816 0.267413 0.950557 3 0 1 3 
 0.0321484 0.260834 0.817859 4 0 1 2 3 
 14.4781 -6.29141 30.2582 4 0 1 2 3 
 12.4257 -7.26844 30.6266 4 0 1 2 3 
 1.29246 -0.0301415 2.50806 4 0 1 2 3 
 0.295224 0.279468 0.732269 4 0 1 2 3 
 0.454409 0.260315 0.925381 4 0 1 2 3 
 46.7499 -10.317 72.6396 3 0 1 3 
 0.567282 0.179818 0.739551 3 0 1 2 3 
 24.1308 -7.68801 34.8686 4 0 1 2 3 
 33.7722 -12.8879 45.5038 4 0 1 2 3 
 1.57723 0.065642 2.15762 4 0 1 2 3 
 24.3386 -5.68691 32.7901 4 0 1 2 3 
 22.615 -5.97453 32.6759 4 0 1 2 3 
 0.546528 0.25962 0.658632 4 0 1 2 3 
 -1.26197 0.225813 1.5752 4 0 1 2 3 
 0.723141 0.14805 1.40087 4 0 1 2 3 
 0.561277 0.176527 1.34982 3 0 1 2 3 
 0.746921 0.11661 1.44693 4 0 1 2 3 
 0.616329 0.134009 1.43878 4 0 1 2 3 
 0.502869 0.254569 0.713977 4 0 1 2 3 
 0.541148 0.212002 0.729342 2 0 1 2 3 
 0.503835 0.208639 0.74178 2 0 1 2 3 
 1.82131 0.0122481 2.29863 4 0 1 2 3 
 9.71837 -4.05039 25.6794 4 0 1 2 3 
 9.6489 -5.02224 31.8419 4 0 1 2 3 
 1.45735 -0.274949 2.89318 4 0 1 2 3 
 21.046 -7.45305 40.7648 4 0 1 2 3 
 8.90317 -3.32458 21.0773 4 0 1 2 3 
 0.274025 0.267302 0.749681 4 0 1 2 3 
 0.230838 0.263593 0.795242 2 1 3 
 11.4104 -6.99548 30.2061 3 0 1 2 3 
 8.94759 -7.53536 28.9847 3 0 1 3 
 0.777005 0.222986 0.855655 3 0 1 3 
 1.15566 0.151746 1.43588 4 0 1 2 3 
 0.486668 0.269809 0.610882 3 0 2 3 
 0.329236 0.155048 1.37098 4 0 1 2 3 
 0.136803 0.123088 1.52704 3 0 1 2 3 
 0.37865 0.229128 1.11204 3 0 1 2 3 
 0.170849 0.276389 0.588782 4 0 1 2 3 
 0.692339 0.0667942 2.19456 4 0 1 2 3 
 -0.243385 0.166443 1.78645 2 0 1 2 3 
 -0.4244 0.281143 0.9176 4 0 1 2 3 
 -0.953244 0.290792 1.24781 4 0 1 2 3 
 -1.29054 0.176416 1.72356 4 0 1 2 3 
 -0.620026 0.288079 0.869098 4 0 1 2 3 
 -3.17119 -9.5152 32.1774 4 0 1 2 3 
 -5.55109 -9.49771 40.7667 4 0 1 2 3 
 -6.12521 -6.63038 44.6859 4 0 1 2 3 
 -1.80439 -0.0655116 2.14257 4 0 1 2 3 
 -1.40084 0.0140106 2.60535 3 0 1 2 3 
 -1.91136 -0.0837552 2.63497 4 0 1 2 3 
 5.27047 -5.68481 23.1513 4 0 1 2 3 
 21.6433 -6.25065 22.0679 4 0 1 2 3 
 9.86397 -7.99086 31.264 4 0 1 2 3 
 17.9367 -11.5339 42.6145 4 0 1 2 3 
 17.4224 -12.7374 44.5815 4 0 1 2 3 
 12.7145 -6.13545 29.1566 4 0 1 2 3 
 13.7763 -8.17982 36.0966 4 0 1 2 3 
 -1.3389 0.00087968 2.46713 4 0 1 2 3 
 -0.281288 0.280733 1.09562 4 0 1 2 3 
 0.173692 0.300244 0.499834 2 0 1 2 3 
 10.12 -4.99425 20.8722 4 0 1 2 3 
 0.685302 0.241605 0.694593 3 0 1 2 3 
 0.825691 0.236291 0.762432 4 0 1 2 3 
 0.815102 0.181878 1.29243 4 0 1 2 3 
 1.27808 0.12665 1.43598 4 0 1 2 3 
 0.529808 0.215411 0.718789 3 0 1 2 3 
 6.29033 -3.43337 23.6532 4 0 1 2 3 
 22.5361 -9.63005 21.3234 4 0 1 2 3 
 24.1239 -7.17397 24.159 4 0 1 2 3 
 19.5791 -7.38363 20.9539 3 1 2 3 
 21.7397 -8.84267 24.0959 4 0 1 2 3 
 0.175195 0.301288 0.500144 3 0 1 2 3 
 1.87821 -0.0188498 2.45519 3 0 1 2 3 
 0.650277 0.243575 0.687573 4 0 1 2 3 
 1.54679 0.00835 2.66387 2 0 1 2 3 
 1.4034 0.0129985 2.62014 3 0 1 2 3 
 -0.382882 0.290143 1.07128 2 0 1 2 3 
 -1.44756 0.132582 2.25776 2 0 2 
 1.86646 0.00154532 2.25727 2 0 1 2 3 
 1.81972 0.00260548 2.28457 1 0 
 -1.06365 0.0708089 1.81065 1 0 2 
 -1.9191 -0.514328 2.62202 1 0 2 
 0.820707 -0.235133 2.33184 1 0 
 1.142 0.0430264 2.38091 2 0 2 
 -1.80771 -0.352102 2.34214 1 0 
 -1.92584 -0.338365 2.37988 2 0 2 
 -1.40885 0.100909 2.35943 1 0 
 -0.413218 0.101174 2.3656 1 0 
 -1.89381 0.117142 2.39974 2 0 2 
 -1.84694 -0.343249 2.42654 2 0 2 3 
 1.93032 -0.0773069 2.39808 2 0 3 
 -1.90225 0.117346 2.40571 2 0 1 2 3 
 0.561274 0.0154455 2.42145 1 0 2 
 -1.81407 0.0408944 2.4225 2 0 2 
 -0.355277 0.0138054 2.49503 2 0 2 3 
 1.55331 -0.026915 2.42829 2 0 2 
 -2.18701 -0.367865 2.44701 1 0 2 
 -1.29363 0.144996 2.53564 1 0 3 
 -1.79129 -0.340304 2.45315 1 0 
 0.579104 0.0362196 2.4641 1 0 2 
 1.83528 -0.0800388 2.47304 3 0 1 2 
 -2.25007 -0.131767 3.14228 1 0 2 
 1.42524 -0.263692 2.61373 2 0 2 
 -0.82798 0.0863478 2.6548 2 0 1 2 
 -0.0498921 0.00307735 2.61076 3 0 1 2 3 
 1.99802 -0.0862671 2.696 3 0 1 2 
 -0.173437 -0.0561555 2.84658 3 0 1 2 3 
 2.16115 -0.212167 2.88692 3 0 1 2 3 
 -1.15247 -0.154826 3.07382 2 0 2 
 -2.84112 -0.08072 3.01317 1 0 2 
 -0.67891 -0.0026405 3.23443 1 0 
 2.32882 -0.225123 3.11464 2 0 1 2 3 
 2.37895 -0.202419 3.25409 1 0 
 -1.1867 -0.193723 3.75057 2 0 1 3 
 0.480873 0.294009 0.479463 1 2 
 -0.00465165 0.0213104 0.212637 2 0 1 2 3 
 -0.410237 0.29287 0.766153 4 0 1 2 3 
 -0.241312 0.287412 0.783225 3 0 1 2 3 
 -0.146279 0.269629 0.853908 2 0 1 2 3 
 -0.193476 0.273944 0.813472 4 0 1 2 3 
 -0.156758 0.248892 1.18094 3 0 1 2 
 0.00882133 0.264501 0.819505 4 0 1 2 3 
 -0.0679412 0.262377 0.846557 3 0 1 3 
 -0.701365 0.150394 1.95808 2 0 1 2 3 
 -0.372771 0.277353 0.832248 3 0 1 2 3 
 9.48451 -3.77254 22.544 3 0 1 2 3 
 9.39733 -4.61301 27.0023 4 0 1 2 3 
 8.76441 -4.65426 20.8366 4 0 1 2 3 
 10.3176 -6.02283 28.2949 4 0 1 2 3 
 20.2003 -9.43351 34.4943 4 0 1 2 3 
 6.48542 -3.60823 24.6596 4 0 1 2 3 
 5.5646 -4.23637 26.4246 3 1 2 3 
 -0.306558 0.296599 0.60027 3 0 2 3 
 -0.862365 0.26816 1.14429 2 1 2 3 
 -0.950015 0.270501 1.26235 3 0 2 3 
 -0.95418 0.271012 1.26819 3 0 2 3 
 0.465375 0.198441 1.27666 2 2 3 
 0.077217 0.223879 1.281 3 0 1 2 3 
 0.435712 0.179049 1.31837 3 0 2 3 
 0.56014 0.182781 1.33367 3 0 1 2 3 
 0.690694 0.174575 1.37551 2 0 2 3 
 1.10331 0.147886 1.35647 2 0 1 2 3 
 1.53648 0.125434 1.37762 2 0 1 2 3 
 0.358542 0.138336 1.3954 3 0 1 2 3 
 -0.544867 0.236835 1.40323 3 0 2 3 
 0.36704 0.154778 1.42767 3 0 1 2 3 
 -1.40704 0.190591 1.49571 2 0 2 3 
 0.961195 0.144873 1.40939 3 0 2 3 
 1.36943 -0.18943 1.45731 2 0 2 3 
 1.45771 0.000498211 1.61193 2 0 1 3 
 0.19441 0.126107 1.45726 2 0 1 2 3 
 1.40552 0.0964408 1.51386 2 0 2 3 
 1.59366 0.0886867 1.54074 3 0 1 2 3 
 1.41525 0.0947389 1.52915 2 0 2 3 
 -1.03534 0.214803 1.59753 3 0 1 2 3 
 1.75192 0.0119782 1.97321 2 0 1 3 
 -1.05222 0.219535 1.61674 3 0 2 3 
 0.312977 0.257223 0.605774 2 0 2 3 
 0.437529 0.248241 0.610402 3 0 2 3 
 0.551289 0.290778 0.511052 2 0 1 2 
 -0.389186 0.275265 0.795283 2 0 2 3 
 -0.50615 0.291733 0.80499 2 0 2 3 
 -0.0284503 0.26856 0.799146 3 0 1 2 3 
 0.00976599 0.26323 0.818527 3 0 1 2 3 
 0.0318184 0.266059 0.831509 2 0 1 2 3 
 -0.809846 0.287046 0.854203 2 0 3 
 -0.102628 0.261896 0.865629 2 0 1 2 3 
 -0.663405 0.278066 0.869209 2 2 3 
 0.769033 0.22584 0.87812 3 0 1 2 3 
 -0.714329 0.278603 0.895094 3 0 2 3 
 -0.520226 0.266188 0.845369 2 0 3 
 -0.547786 0.281323 0.904979 3 0 1 2 3 
 -0.552664 0.286872 0.91698 3 0 2 3 
 0.961747 0.230061 0.936148 3 0 1 2 3 
 1.06746 0.24297 0.982514 2 0 1 2 3 
 1.08462 0.222061 0.943975 2 0 1 2 3 
 -0.415466 0.239289 0.967695 2 0 1 2 3 
 0.38773 0.282375 0.545626 2 0 1 2 3 
 -0.188373 0.172508 1.68684 2 0 2 3 
 1.72283 -0.0710195 1.83062 2 0 1 2 3 
 -1.83419 0.228552 2.42394 2 0 3 
 -1.35109 0.132936 1.75803 3 0 1 2 3 
 -0.151049 0.149311 1.73612 2 0 3 
 -0.806215 0.197022 1.823 3 0 2 3 
 -0.395652 -0.1203 2.20518 2 2 3 
 0.823835 0.113101 1.92288 3 0 1 2 3 
 0.160165 0.0765336 1.97102 2 0 2 3 
 -0.951478 0.0868783 1.98581 2 0 2 3 
 1.07493 0.0847777 2.01804 3 0 1 2 3 
 -2.04942 -0.192296 2.40917 1 1 3 
 -0.990716 0.0877524 2.05458 2 0 1 2 3 
 -1.78555 0.0888603 2.06695 2 1 2 3 
 1.62365 0.0709837 2.18152 3 0 2 3 
 -1.23739 -0.321682 2.18862 2 0 2 3 
 1.86004 -0.0183024 2.24513 2 0 1 2 3 
 1.86053 -0.00519298 2.23775 3 0 2 3 
 -2.09042 -0.345804 2.32499 2 0 2 
 1.8725 -0.0855175 2.30039 2 0 2 3 
 1.83466 0.0145725 2.27828 3 0 2 3 
 1.85741 -0.0945493 2.24942 2 0 2 3 
 0.486214 0.264048 0.597516 3 0 1 2 3 
 1.14321 0.157404 1.3158 1 2 
 -0.423439 0.226086 1.33212 1 2 
 -0.425801 0.226628 1.33532 1 2 
 0.0157025 0.188512 1.35973 1 2 3 
 1.23566 0.150292 1.37697 2 1 2 
 -0.538416 0.233433 1.38909 1 2 
 -0.735869 0.226144 1.41646 1 2 
 0.056867 0.119071 1.41781 1 2 
 0.30737 0.127153 1.44139 2 0 1 2 3 
 -1.16834 0.241087 1.45094 1 0 2 
 0.685261 0.11339 1.49945 2 2 3 
 -1.26434 0.204154 1.50679 2 0 2 3 
 1.65895 -0.0667877 1.5879 2 0 2 3 
 1.57803 -0.0553106 1.53119 1 2 
 -1.22938 -0.118785 1.51701 3 0 1 2 3 
 0.62827 0.149765 1.54287 1 1 2 
 0.663423 0.0884214 1.54638 2 1 2 3 
 -0.185428 0.207574 1.55554 2 0 1 2 3 
 0.185771 0.142704 1.55576 2 0 1 2 3 
 -0.0650441 0.175295 1.60459 1 0 2 
 -0.877339 0.232832 1.61307 1 2 
 -1.13916 -0.0755979 1.56501 2 0 1 2 3 
 1.65588 -0.132399 1.6888 2 0 1 2 
 -0.287832 0.181398 1.6608 1 2 
 -1.22748 0.156955 1.66719 1 2 
 -0.327074 0.162633 1.68321 1 2 
 -0.123152 0.147607 1.71083 2 0 2 3 
 -1.30437 0.164634 1.76656 1 2 
 -0.242523 0.161264 1.77978 2 1 2 
 -0.796728 0.182847 1.85166 1 2 
 -0.455274 -0.107366 1.87969 1 0 2 
 1.5601 0.0659078 2.00859 1 2 3 
 0.137294 -0.00501148 2.12766 1 2 
 1.81308 0.0267429 2.16644 2 1 2 
 -1.54369 -0.149362 2.22362 1 2 
 1.85702 -0.155 2.2351 2 1 2 
 1.54364 0.0404481 2.272 1 2 
 -0.232064 0.073403 2.25784 2 0 1 2 
 -2.00115 -0.322253 2.2629 1 0 2 
 -1.73793 -0.451976 2.3307 1 2 
 -1.73371 -0.462207 2.34149 1 2 
 -1.7542 -0.46214 2.34796 1 2 
 -1.57458 -0.418549 2.13866 1 0 2 
 0.549778 -0.0781657 2.41539 2 1 2 
 0.738585 -0.190369 2.38295 1 2 
 -1.93655 -0.335075 2.40611 2 0 2 
 -1.2519 0.138162 2.4343 1 2 
 -1.84709 0.0407768 2.46661 1 0 2 
 -1.79082 0.0159099 2.46895 1 2 
 -1.29001 0.136174 2.49144 1 2 
 1.65215 -0.0316203 2.49197 1 2 
 0.297716 -0.347432 2.4925 1 2 
 0.99878 -0.0928061 2.50821 1 0 2 
 0.991625 -0.230553 2.53762 2 1 2 3 
 -2.13047 0.0019819 2.57251 1 2 
 2.67497 -0.376395 2.59538 1 2 
 2.68722 -0.373588 2.61236 1 2 
 1.41608 -0.269324 2.62542 2 0 1 2 
 1.60929 -0.0443559 2.62716 1 2 
 1.20597 -0.0996045 2.67477 1 2 
 -1.48122 0.0177365 2.76023 2 0 1 2 3 
 2.50999 -0.0026958 2.76297 1 2 
 -1.54383 0.0241569 2.86078 2 0 1 2 3 
 1.41814 -0.0965037 2.86557 1 2 
 -1.25231 -0.173296 3.34647 1 2 
 -3.42848 -0.212763 3.62331 1 2 
 -2.09666 -0.173052 3.86357 2 0 1 2 3 
 -2.06075 -0.332353 2.32816 2 0 2 
 1.35248 0.0702274 2.30575 3 0 2 3 
 -1.79636 0.00277029 2.3273 2 0 1 3 
 -2.28389 -0.0635294 2.26213 2 0 2 3 
 -1.78853 0.015287 2.36386 3 0 2 3 
 -1.80478 -0.3369 2.35991 3 0 2 3 
 -1.71569 -0.321263 2.32552 2 0 1 3 
 0.841335 -0.189817 2.144 2 0 1 3 
 -1.41462 0.0963128 2.36719 3 0 2 3 
 1.16429 -0.130241 2.95775 2 0 3 
 1.19313 0.000109065 2.54025 2 2 3 
 -1.59283 -0.169714 2.56782 2 2 3 
 1.27407 -0.073676 2.80332 2 0 1 2 3 
 -0.12586 0.0230156 2.73063 2 0 1 2 3 
 2.231 -0.103146 2.39856 1 2 3 
 -0.344527 -0.00440507 2.73042 2 2 3 
 -0.0050965 -0.0170099 2.18013 2 0 3 
 -0.790346 0.0576382 2.79741 3 0 1 2 3 
 2.10225 -0.09751 2.8433 2 0 2 3 
 0.797142 0.213033 0.74746 1 2 
 -0.137409 0.269188 0.755692 2 0 1 2 3 
 0.335167 0.261636 0.769076 1 2 
 0.231029 0.26013 0.771143 1 2 
 0.871344 0.236943 0.775054 1 2 
 0.253066 0.264923 0.778585 3 0 1 2 3 
 -0.189785 0.269747 0.802687 2 1 2 
 -0.769562 0.299529 0.838476 1 2 
 -0.776162 0.298871 0.842338 1 2 
 -0.804358 0.285125 0.848435 1 2 
 0.539265 0.231546 0.855917 2 0 1 2 3 
 0.792002 0.228374 0.856442 1 2 
 0.538902 0.232211 0.859363 1 2 3 
 -0.785385 0.294132 0.864425 1 2 
 -0.288821 0.280465 0.867137 1 2 
 -0.205332 0.265414 0.876563 2 0 2 3 
 -0.644904 0.278899 0.903304 1 2 
 -0.72217 0.285389 0.906307 1 2 
 -0.680208 0.27203 0.902644 2 1 2 
 0.311749 0.264024 0.912114 2 2 3 
 -0.550064 0.284072 0.913848 1 2 
 -0.737099 0.290411 0.919712 1 2 
 -0.724171 0.286138 0.920467 1 2 
 -0.718073 0.285749 0.922081 2 1 2 3 
 0.413198 0.234173 0.931043 1 2 
 0.414137 0.23493 0.93209 3 0 1 2 3 
 0.485666 0.241268 0.944762 2 1 2 
 0.13609 0.262043 0.969587 2 0 1 2 
 0.142849 0.262936 0.977114 2 0 1 2 3 
 -0.863683 0.284837 0.979796 1 2 
 -0.863644 0.284812 0.983804 1 2 
 0.0532228 0.275791 0.994765 2 2 3 
 -0.884799 0.287879 1.00958 1 2 
 -0.0744271 0.271109 1.01629 2 0 1 2 3 
 -0.913019 0.291771 1.0295 1 2 
 -1.01471 -0.0316521 1.07705 1 2 
 -0.544946 0.28347 1.10608 2 0 1 2 
 -0.226755 0.243506 1.15384 1 1 2 
 0.0182648 0.253932 1.16257 1 2 
 -0.379964 0.229502 1.171 2 1 2 
 -0.419053 0.257336 1.17976 2 0 1 2 3 
 -0.906821 0.290259 1.183 1 2 
 0.780606 0.198201 1.19339 2 0 1 2 3 
 -0.427842 0.260587 1.20949 1 2 3 
 0.268192 0.212858 1.22799 2 0 1 2 
 0.0817725 0.244069 1.23603 1 0 2 
 -1.01358 0.304532 1.27867 2 1 2 
 -1.23985 0.288268 1.25196 1 2 
 1.39365 0.160459 1.29161 1 2 
 1.42581 0.168113 1.29205 1 2 
 0.294878 0.286343 0.533952 2 0 1 2 3 
 -0.0268354 0.298877 0.547091 2 2 3 
 0.732393 0.070665 2.32149 4 0 1 2 3 
 11.1095 -4.15164 24.0271 4 0 1 2 3 
 21.8837 -8.36245 42.8015 4 0 1 2 3 
 40.154 -19.0702 66.7433 4 0 1 2 3 
 1.60542 -0.0583179 2.63519 3 0 1 3 
 1.2689 -0.0366131 2.48474 4 0 1 2 3 
 26.167 -7.95747 37.8123 4 0 1 2 3 
 34.9361 -13.8239 48.3801 4 0 1 2 3 
 1.8335 -0.119297 2.59336 4 0 1 2 3 
 0.559582 0.234377 0.676409 4 0 1 2 3 
 0.537763 0.242927 0.701071 4 0 1 2 3 
 2.09232 -0.151508 2.52854 4 0 1 2 3 
 1.92769 -0.0894482 2.40731 4 0 1 2 3 
 18.9403 -3.15139 23.3148 4 0 1 2 3 
 25.4888 -6.11 33.8813 4 0 1 2 3 
 8.99532 -3.95306 23.9206 4 0 1 2 3 
 9.47634 -5.21027 31.5292 4 0 1 2 3 
 1.02867 0.0497878 2.16186 3 0 1 2 
 1.14539 -0.0756528 2.53961 4 0 1 2 3 
 1.0072 -0.0739294 2.4818 4 0 1 2 3 
 0.553246 0.178507 1.31465 3 1 2 3 
 1.01257 0.0811556 2.13803 4 0 1 2 3 
 0.624576 0.130668 1.43285 4 0 1 2 3 
 18.1865 -13.8283 48.4001 4 0 1 2 3 
 0.715215 0.2099 1.15998 2 0 1 2 3 
 0.716876 0.148209 1.40237 4 0 1 2 3 
 1.21036 0.15968 1.51089 4 0 1 2 3 
 0.420708 0.242089 0.595252 4 0 1 2 3 
 0.524637 0.236284 0.714102 4 0 1 2 3 
 0.614296 0.231959 0.669432 4 0 1 2 3 
 0.168875 0.226816 1.25338 4 0 1 2 3 
 0.327716 0.148361 1.37172 4 0 1 2 3 
 0.141261 0.128521 1.41822 2 1 2 3 
 0.156111 0.065668 0.335298 3 0 1 2 
 0.488978 0.163725 1.356 4 0 1 2 3 
 0.144752 0.266752 0.92797 4 0 1 2 3 
 0.295443 0.274291 0.728284 4 0 1 2 3 
 0.332736 0.266849 0.738024 4 0 1 2 3 
 0.227723 0.264623 0.798389 2 1 2 3 
 34.3353 -12.541 43.8896 4 0 1 2 3 
 37.8223 -14.7924 44.4398 3 0 1 2 
 37.9046 -10.1564 61.4538 4 0 1 2 3 
 0.167768 0.0569782 1.87227 4 0 1 2 3 
 6.19542 -4.26415 25.8043 4 0 1 2 3 
 -1.22944 0.205103 1.47479 3 0 1 2 3 
 -0.408786 0.279442 0.713477 3 0 1 3 
 -0.627014 0.293394 0.885121 4 0 1 2 3 
 -3.50378 -10.998 38.4983 4 0 1 2 3 
 -6.52632 -10.8051 47.9271 4 0 1 2 3 
 -3.22263 -10.1551 31.8153 3 0 1 3 
 -0.401261 0.0621881 2.04254 4 0 1 2 3 
 -2.28261 -0.0926729 3.05771 3 0 1 2 3 
 -1.20438 -0.0617343 2.77791 3 0 1 2 3 
 5.12038 -5.86154 24.3693 4 0 1 2 3 
 -1.35463 0.157463 1.79775 2 0 1 
 -1.41911 0.152817 2.02071 4 0 1 2 3 
 10.1024 -4.4191 27.7524 4 0 1 2 3 
 1.05488 -0.0793191 2.41812 2 1 3 
 0.932499 -0.0933147 2.40288 3 0 1 3 
 7.08542 -4.75641 29.872 4 0 1 2 3 
 0.491131 0.0443163 2.07076 3 0 1 2 3 
 13.7162 -10.7753 37.7142 4 0 1 2 3 
 9.26196 -9.06899 33.8857 4 0 1 2 3 
 10.7785 -4.38168 24.7124 4 0 1 2 3 
 12.1757 -5.95898 27.9184 4 0 1 2 3 
 18.737 -3.31701 23.4986 3 0 1 3 
 1.44997 -0.0352934 2.39822 3 0 1 3 
 1.1851 -0.0233789 2.37291 4 0 1 2 3 
 35.376 -12.9708 45.3937 4 0 1 2 3 
 39.1182 -15.4204 53.9537 2 0 1 
 25.4666 -6.07566 34.2632 4 0 1 2 3 
 25.4695 -6.97613 32.6806 4 0 1 2 3 
 22.6992 -9.04541 46.2974 4 0 1 2 3 
 37.4289 -10.761 60.6885 4 0 1 2 3 
 0.334723 0.268883 0.737506 4 0 1 2 3 
 0.572524 0.179124 0.752289 4 0 1 2 3 
 1.87066 -0.0787731 2.40047 4 0 1 2 3 
 -0.706296 0.315966 0.911793 4 0 1 2 3 
 -7.09116 -10.6431 49.873 4 0 1 2 3 
 -0.389259 0.0424243 1.98142 4 0 1 2 3 
 -1.2555 -0.0683584 2.88098 4 0 1 2 3 
 -0.27549 0.281551 1.09882 4 0 1 2 3 
 5.12564 -5.90067 25.4893 4 0 1 2 3 
 0.52904 0.241045 0.940801 4 0 1 2 3 
 0.716278 0.131985 1.40951 4 0 1 2 3 
 0.0659122 0.299342 0.550379 3 0 2 3 
 -0.335224 0.309759 0.560756 1 0 2 
 0.364665 0.292596 0.565367 2 0 2 
 0.665041 0.279147 0.565357 2 0 1 3 
 0.594982 0.292228 0.618589 1 0 2 
 -0.187608 0.299508 0.586464 3 0 1 2 3 
 -0.488806 0.318368 0.585776 3 0 1 2 3 
 0.376835 0.268407 0.587466 2 0 2 
 -0.497241 0.305363 0.596928 3 0 1 2 3 
 0.137766 0.287678 0.610855 2 0 1 2 3 
 -0.0405299 0.283937 0.614543 2 0 2 3 
 0.520269 0.274476 0.61767 2 0 1 2 
 -0.170439 0.286231 0.632746 1 0 
 0.0815713 0.28915 0.641554 1 0 1 
 0.255385 0.289273 0.693878 2 0 2 3 
 0.22994 0.293493 0.705885 3 0 2 3 
 0.210659 0.274865 0.719039 3 0 1 2 3 
 0.421659 0.269614 0.725085 1 0 
 0.850655 0.223089 0.726761 1 0 2 
 0.280022 0.274905 0.768388 2 0 1 2 3 
 0.246563 0.278468 0.77898 1 0 2 
 -0.598795 0.306115 0.791054 2 0 2 3 
 -0.672003 0.300801 0.791734 3 0 1 2 3 
 0.109654 0.273004 0.801462 2 0 2 
 0.113255 0.274665 0.807029 1 0 
 0.783273 0.243191 0.825125 1 0 2 
 -0.509761 -0.0301614 0.811472 1 0 2 
 0.79442 0.247293 0.837377 1 0 2 
 -0.0716755 0.258302 0.84223 2 0 1 
 -0.815428 0.305232 0.844772 2 0 2 
 -0.0742111 0.258713 0.850653 1 0 1 
 -0.828009 0.309048 0.855204 1 0 
 0.567259 0.272187 0.531947 1 0 
 0.29826 0.287796 0.534153 1 0 1 
 0.207244 0.287105 0.589209 2 0 3 
 -0.466437 0.279659 1.0309 3 0 1 2 3 
 0.857444 0.208158 1.01354 1 0 3 
 0.888257 0.20921 1.04626 2 0 2 3 
 0.596741 0.234946 1.0472 3 0 1 2 3 
 -0.311062 0.273377 1.10069 3 0 1 2 3 
 0.392832 0.231101 1.10235 3 0 1 2 3 
 -0.539941 0.282457 1.10219 3 0 1 2 3 
 -0.679587 0.275033 1.10337 3 0 1 2 3 
 -0.68252 0.27228 1.10702 2 0 2 3 
 -0.685113 0.274442 1.10735 2 2 3 
 0.694212 0.217473 1.1215 3 0 1 2 3 
 0.340323 0.232818 1.16264 3 0 1 2 3 
 0.542056 0.225086 1.16323 2 0 1 2 3 
 0.0162354 0.255113 1.16951 2 0 1 3 
 -0.435503 0.260664 1.19701 3 0 1 2 3 
 -0.523642 0.28875 1.19721 2 0 1 2 3 
 0.569952 0.228485 1.20296 2 0 3 
 -1.24482 0.299822 1.21989 3 0 2 3 
 -1.25361 0.300448 1.22625 2 0 2 3 
 1.27312 0.18971 1.22156 2 1 2 3 
 -1.26442 0.301911 1.23676 2 0 2 3 
 -0.931632 0.287752 1.21962 2 0 2 
 0.791819 0.215807 0.862191 2 0 1 
 -0.288395 0.280065 0.867712 3 0 1 2 3 
 0.317773 0.248305 0.901043 2 0 2 
 -0.72477 0.286471 0.921247 1 0 
 -0.775356 -0.0360599 0.99302 1 0 1 
 0.506176 0.249624 0.928491 3 0 1 2 
 -0.41225 0.23887 0.963585 3 0 1 2 3 
 0.161556 -0.299588 1.08359 1 0 
 -0.268435 0.275994 1.08989 2 0 2 
 -0.580997 0.28384 1.10213 2 0 2 
 -0.045365 0.257439 1.1319 2 0 1 2 
 1.16343 0.197754 1.16549 3 0 1 2 
 0.0174639 0.252345 1.17316 2 0 1 2 3 
 1.17562 0.198827 1.17378 2 0 2 
 -1.09328 0.293821 1.18691 2 0 2 
 -1.03824 0.283098 1.16158 1 0 2 
 -0.221049 0.244264 1.18544 3 0 1 2 3 
 -1.10014 0.294766 1.19488 1 0 2 
 -0.967682 0.285514 1.19186 1 0 
 -0.426083 0.255847 1.18943 3 0 1 2 3 
 0.571044 0.226465 1.2053 2 0 1 3 
 -1.24365 0.299937 1.2201 2 0 2 
 -0.231917 0.222477 1.24377 2 0 1 2 3 
 -0.945875 0.269119 1.25369 2 0 2 
 0.0784527 0.227449 1.29207 1 0 2 
 0.819417 0.180549 1.30216 1 0 
 0.051428 0.219936 1.30587 2 0 1 2 3 
 0.167639 0.180599 1.31786 2 0 1 2 
 -0.658986 0.250502 1.33314 2 0 2 3 
 0.607536 0.181163 1.35438 1 0 
 0.364318 0.145159 1.38171 1 0 
 0.514771 0.166948 1.41244 2 0 2 
 -1.3263 0.219505 1.44753 1 0 2 
 1.4009 0.150981 1.42869 4 0 1 2 3 
 0.0732203 0.115186 1.45829 2 0 1 3 
 -1.22757 0.233858 1.51201 2 0 2 
 1.4066 0.0922097 1.51625 1 0 
 1.69227 -0.00884573 1.53395 3 0 1 2 3 
 1.45995 -0.00133677 1.56957 1 0 3 
 -0.872828 0.234138 1.60835 2 0 2 3 
 -1.62911 0.255176 1.59764 2 0 2 
 -1.67656 0.257073 1.62395 2 0 2 3 
 -1.32546 -0.131673 1.63132 3 0 1 2 3 
 -1.65759 0.225843 1.58408 1 0 2 
 -0.119851 0.142299 1.67807 3 0 1 2 3 
 -1.31473 0.13672 1.6942 1 0 
 -0.795102 0.198297 1.8152 2 0 1 2 
 0.694622 0.133939 1.89314 2 0 2 3 
 -1.28357 0.176148 1.88259 2 0 2 
 -0.946222 0.172506 1.90189 3 0 2 3 
 -1.64508 0.0827399 1.93792 1 0 1 
 -0.864275 0.149538 1.97633 1 0 
 1.88167 -0.0711632 1.9767 2 0 1 2 3 
 -2.10899 0.151248 2.36433 1 0 2 
 -1.45679 -0.141582 2.09735 1 0 2 
 -1.54342 -0.15333 2.21461 1 0 
 0.480266 -0.0400703 2.38306 2 0 2 
 0.28407 0.303288 0.494602 1 2 3 
 0.0255548 0.302899 0.510664 2 1 2 
 0.221848 0.304305 0.510753 2 0 1 2 3 
 -0.282479 0.00056891 0.521135 2 0 1 2 
 0.381523 0.290623 0.542003 1 2 
 0.574336 0.255424 0.543034 1 2 
 0.483966 0.286028 0.543999 2 1 2 
 0.500071 0.282709 0.544934 2 0 1 2 3 
 0.211486 0.297006 0.55381 2 1 2 
 0.557774 0.262032 0.55641 1 0 2 
 -0.065413 0.2939 0.603286 2 2 3 
 -0.055526 0.280643 0.635359 1 2 
 0.614075 0.273755 0.638893 2 0 1 2 3 
 -0.511896 0.311016 0.678378 1 2 3 
 0.554272 0.235583 0.679889 4 0 1 2 3 
 -0.208616 0.280871 0.722702 1 2 
 0.601013 0.199474 0.725595 2 1 2 3 
 0.591955 0.287177 0.51475 3 0 1 2 3 
 0.140909 0.300445 0.51829 2 0 1 2 3 
 24.51 -5.3787 31.9159 4 0 1 2 3 
 -4.16868 -9.07657 34.7603 4 0 1 2 3 
 -0.67552 0.300311 0.790445 4 0 1 2 3 
 27.1479 -8.97496 40.0726 4 0 1 2 3 
 28.5246 -8.85771 39.5486 4 0 1 2 3 
 0.0232615 0.293793 0.551447 3 0 1 2 3 
 21.1369 -10.0256 36.0838 4 0 1 2 3 
 0.445353 0.290525 0.545424 3 0 1 2 3 
 0.456232 0.291318 0.496234 2 0 1 2 3 
 -0.339678 0.309967 0.578032 3 0 1 2 3 
 0.167225 0.302079 0.509298 3 0 1 2 3 
 0.735289 -4.91214 35.2621 2 0 1 2 3 
 3.3485 -2.84886 20.8914 2 1 3 
 9.08336 -4.82751 21.5559 4 0 1 2 3 
 8.63896 -4.20515 24.7415 4 0 1 2 3 
 -100.605 -23.8586 188.817 4 0 1 2 3 
 -4.8241 -4.67644 36.853 4 0 1 2 3 
 -87.7874 -5.3894 92.822 2 1 2 3 
 -1.28563 -0.126092 1.59097 2 0 1 2 3 
 -0.338561 0.280765 0.873036 3 0 1 2 3 
 26.5177 -7.16785 26.4806 3 0 1 2 3 
 -0.191766 0.273062 0.812263 3 0 1 2 3 
 0.383913 0.28816 0.568516 3 0 2 3 
 0.0248122 0.295941 0.552177 3 0 2 3 
 0.578671 0.283064 0.514375 4 0 1 2 3 
 0.551655 0.284741 0.517423 4 0 1 2 3 
 0.489762 0.265161 0.595504 2 0 1 2 3 
 0.324581 0.301435 0.512365 4 0 1 2 3 
 0.449662 0.284967 0.570057 2 0 1 2 3 
 1.21319 0.202811 1.21318 3 0 1 3 
 1.34972 0.14815 1.3566 4 0 1 2 3 
 1.3978 0.0949102 1.50675 3 0 1 2 3 
 1.44007 0.164846 1.28999 4 0 1 2 3 
 1.67821 0.100205 1.49143 3 0 1 2 3 
 0.826 0.237867 0.762635 3 0 1 2 3 
 0.958063 0.226947 0.931553 3 0 1 2 
 0.808818 0.20684 1.22587 2 0 1 2 3 
 1.15763 0.156706 1.33239 4 0 1 2 3 
 1.0964 0.1421 1.41392 4 0 1 2 3 
 0.534919 0.217275 0.728548 4 0 1 2 3 
 0.759966 0.222002 0.866386 3 0 1 2 3 
 -43.123 -22.9261 68.2758 3 0 1 2 3 
 22.065 -8.32311 28.7912 4 0 1 2 3 
 18.6577 -7.66737 21.7175 3 0 1 2 
 1.61919 -0.222117 1.45151 3 0 1 2 3 
 21.9824 -4.93255 28.4948 4 0 1 2 3 
 21.6166 -5.91683 28.3914 4 0 1 2 3 
 0.713037 0.265121 0.628607 4 0 1 2 3 
 0.762695 0.250752 0.684545 4 0 1 2 3 
 0.715501 0.237424 0.706521 4 0 1 2 3 
 0.731965 0.217326 0.834474 4 0 1 2 3 
 0.877658 0.221052 0.787695 2 0 1 3 
 0.822931 0.239028 0.76276 4 0 1 2 3 
 0.954364 0.228764 0.932495 4 0 1 2 3 
 0.770198 0.200125 1.17321 2 0 1 2 3 
 0.877234 0.150838 1.38111 4 0 1 2 3 
 1.11951 0.15063 1.37924 4 0 1 2 3 
 0.453826 0.288938 0.494913 4 0 1 2 3 
 0.543121 0.280865 0.540067 4 0 1 2 3 
 0.270641 0.264176 0.990303 4 0 1 2 3 
 0.198055 0.276939 0.936397 4 0 1 2 3 
 0.320299 0.221834 1.10782 3 0 1 3 
 0.191387 0.251736 1.11794 3 0 1 2 3 
 -2.49348 -0.135409 3.47403 4 0 1 2 3 
 0.0648331 0.298251 0.546993 4 0 1 2 3 
 1.41942 0.167365 1.29104 4 0 1 2 3 
 1.66633 0.10206 1.48198 3 0 1 2 3 
 1.55887 0.0886585 1.50818 4 0 1 2 3 
 -0.614097 0.280624 1.07739 4 0 1 2 3 
 -0.687646 0.271939 1.1084 4 0 1 2 3 
 0.136471 0.26729 0.903862 3 1 2 3 
 0.0540202 0.269704 0.978664 4 0 1 2 3 
 -1.0167 0.218165 1.66944 4 0 1 2 3 
 -1.42436 0.0918196 2.3733 4 0 1 2 3 
 -1.38078 0.167707 2.12236 3 0 1 2 3 
 0.0585706 0.285077 0.645099 4 0 1 2 3 
 0.108581 0.272131 0.806984 3 0 1 3 
 0.0216147 0.271844 0.722262 4 0 1 2 3 
 0.221678 0.306077 0.511681 3 0 1 2 3 
 0.233334 0.285647 0.526328 3 0 1 2 3 
 0.168073 0.294185 0.547137 4 0 1 2 3 
 1.3607 0.149799 1.37168 4 0 1 2 3 
 1.39606 0.0960566 1.50487 3 0 1 2 3 
 -1.58277 0.0346855 2.57243 4 0 1 2 3 
 -1.65187 -0.104249 2.48115 2 0 1 
 -0.09419 0.258587 0.843996 4 0 1 2 3 
 -0.0783377 0.268854 1.03221 4 0 1 2 3 
 0.530928 0.215184 0.72769 4 0 1 2 3 
 0.70141 0.214807 1.13129 4 0 1 2 3 
 -0.00693883 0.283925 0.665267 4 0 1 2 3 
 -0.0592824 0.279183 0.631772 4 0 1 2 3 
 0.797818 0.167101 1.40064 4 0 1 2 3 
 0.776175 0.138768 1.39983 3 0 1 2 3 
 23.8841 -7.45716 33.3613 4 0 1 2 3 
 19.7655 -6.06086 31.3602 4 0 1 2 3 
 5.8032 -3.27361 22.1395 4 0 1 2 3 
 4.91845 -3.77977 23.1912 4 0 1 2 3 
 5.55176 -5.23116 23.9462 4 0 1 2 3 
 0.34579 0.259081 0.891232 4 0 1 2 3 
 0.501542 0.249746 0.929679 4 0 1 2 3 
 0.438438 0.249108 0.887723 4 0 1 2 3 
 0.125133 0.298747 0.540424 4 0 1 2 3 
 0.542553 0.291387 0.511912 4 0 1 2 3 
 0.57612 0.282318 0.515381 4 0 1 2 3 
 0.552493 0.285804 0.516987 4 0 1 2 3 
 1.64957 -0.14251 1.98029 2 1 2 3 
 -0.317042 0.294617 0.598463 4 0 1 2 3 
 8.40039 -4.18015 24.1516 4 0 1 2 3 
 9.45447 -6.42656 24.3572 4 0 1 2 3 
 8.73452 -5.13587 24.0646 4 0 1 2 3 
 10.6091 -4.24221 23.0015 4 0 1 2 3 
 11.3037 -4.64623 21.7692 3 0 1 2 3 
 0.353238 0.206172 1.25196 4 0 1 2 3 
 0.311367 0.131068 1.47171 3 0 1 2 3 
 0.155228 0.271258 0.71888 3 0 1 2 3 
 -0.251205 0.29325 0.614555 3 0 1 2 3 
 -0.308913 0.29384 0.606192 4 0 1 2 3 
 -0.544851 0.238077 1.4026 4 0 1 2 3 
 -0.632839 0.185675 1.87224 4 0 1 2 3 
 -0.210982 0.221296 1.26622 3 0 1 2 3 
 0.204876 0.28725 0.589461 3 0 1 2 
 0.351634 -0.00436725 2.56707 2 0 1 2 3 
 -0.635207 0.218757 1.41485 4 0 1 2 3 
 -0.781904 0.197328 1.7734 2 0 1 3 
 -1.21416 0.214659 1.54338 4 0 1 2 3 
 -1.6464 0.117108 2.17643 2 0 1 3 
 2.75298 -0.666787 6.34545 2 0 1 3 
 0.0048288 0.309105 0.499913 2 0 1 2 3 
 -0.0551765 0.30002 0.519079 4 0 1 2 3 
 -0.790631 0.293257 0.84736 2 1 3 
 -0.659287 0.25327 1.33368 3 0 1 2 3 
 -0.24785 0.291658 0.794973 4 0 1 2 3 
 1.5539 -0.0434778 2.55548 3 0 1 2 3 
 2.06675 -0.216742 3.41623 3 0 1 2 3 
 0.539814 0.271455 0.57491 4 0 1 2 3 
 0.649571 0.244152 0.685405 4 0 1 2 3 
 0.44285 0.266566 0.610173 4 0 1 2 3 
 0.378129 0.270856 0.586177 4 0 1 2 3 
 0.440677 0.250797 0.624534 4 0 1 2 3 
 23.7784 -7.88793 22.5625 3 1 2 3 
 24.1423 -7.23451 24.1804 4 0 1 2 3 
 22.4197 -9.61607 21.584 3 0 1 2 
 22.37 -9.48065 22.2939 4 0 1 2 3 
 6.95187 -7.27442 24.6296 4 0 1 2 3 
 15.3321 -7.18766 26.2104 4 0 1 2 3 
 -3.35079 -8.74765 26.56 4 0 1 2 3 
 -0.947921 -0.279817 2.37875 3 1 2 3 
 -353.961 -91.6868 779.866 4 0 1 2 3 
 -2.95997 -6.47712 24.4355 4 0 1 2 3 
 -4.01945 -4.01536 30.6297 4 0 1 2 3 
 0.501217 0.244341 0.938113 2 1 3 
 0.446866 0.250041 0.897423 3 0 1 3 
 0.512706 0.226254 0.951598 4 0 1 2 3 
 -0.393342 0.317641 0.576731 4 0 1 2 3 
 -0.412452 0.299497 0.589082 4 0 1 2 3 
 0.529244 0.248564 0.855067 4 0 1 2 3 
 1.41042 0.1644 1.29087 4 0 1 2 3 
 1.55364 0.091662 1.50754 3 0 1 2 3 
 -0.210335 0.220552 1.25473 3 0 1 2 3 
 0.0242927 0.294228 0.552407 3 0 1 2 3 
 0.81841 0.182604 1.3093 3 0 1 2 3 
 0.96637 0.146232 1.4179 3 0 1 2 
 2.53263 -0.116263 2.76595 4 0 1 2 3 
 1.37855 0.15188 1.39073 4 0 1 2 3 
 -1.53678 0.0321049 2.57361 3 0 1 2 3 
 -1.55455 0.0315172 2.52658 3 0 1 2 3 
 -4.88289 -0.475726 8.80216 2 0 1 2 3 
 0.556289 0.284174 0.527506 4 0 1 2 3 
 -0.967595 -0.0510567 2.87142 3 0 1 2 3 
 -0.0591286 0.278489 0.63022 3 1 2 3 
 -0.0278108 0.267753 0.80398 3 0 1 2 3 
 0.210442 0.293632 0.549712 4 0 1 2 3 
 0.170157 0.29548 0.548516 4 0 1 2 3 
 0.615434 -0.065233 2.57125 4 0 1 2 3 
 0.739337 0.16133 1.39959 4 0 1 2 3 
 0.672028 0.171881 1.34948 3 0 1 2 3 
 0.777842 0.145255 1.40796 4 0 1 2 3 
 0.710625 0.104045 1.42697 4 0 1 2 3 
 1.47143 0.052638 2.14605 4 0 1 2 3 
 1.71379 -0.174607 2.83054 4 0 1 2 3 
 25.0491 -6.1793 35.2868 4 0 1 2 3 
 20.9419 -6.53798 29.2491 4 0 1 2 3 
 24.7981 -7.59108 39.2781 4 0 1 2 3 
 -1.51195 0.0181072 2.8175 3 0 1 2 3 
 -5.03194 -0.449025 10.7047 3 0 1 2 3 
 -0.631579 0.23405 1.37889 4 0 1 2 3 
 -0.801702 0.199136 1.82264 4 0 1 2 3 
 -0.276671 0.282917 0.781378 3 0 1 2 3 
 0.528412 0.172841 1.42461 3 0 1 2 3 
 0.657598 0.0921741 1.78554 3 0 1 2 3 
 8.16287 -4.12149 23.5384 4 0 1 2 3 
 8.69708 -4.63459 20.7356 4 0 1 2 3 
 7.76775 -4.70624 21.6424 4 0 1 2 3 
 -1.09037 0.25137 1.48084 3 0 1 2 3 
 -1.20501 0.211726 1.5352 4 0 1 2 3 
 -1.21857 0.160788 1.65498 3 0 1 2 3 
 5.23739 -2.89421 19.9824 4 0 1 2 3 
 4.74647 -3.64787 22.2577 4 0 1 2 3 
 5.16423 -4.97826 22.2744 4 0 1 2 3 
 0.36427 0.21363 1.26785 3 0 1 3 
 0.305592 0.133134 1.46182 3 0 1 2 3 
 11.0912 -3.62821 20.7205 4 0 1 2 3 
 10.6853 -4.37601 20.6988 3 0 1 2 3 
 9.60725 -3.90191 21.0127 4 0 1 2 3 
 -0.672743 0.296625 0.790221 4 0 1 2 3 
 -0.773951 0.297534 0.846334 2 1 3 
 -0.504469 0.30771 0.65547 3 0 1 3 
 -0.322958 0.317072 0.569481 2 1 3 
 -0.363907 0.300462 0.628341 4 0 1 2 3 
 -0.3348 0.0472115 2.55053 4 0 1 2 3 
 -1.28371 0.162739 1.43652 3 0 1 2 
 -0.370643 0.27803 0.866298 4 0 1 2 3 
 -0.038206 0.293152 0.538173 3 0 1 2 3 
 -0.210552 0.299749 0.582632 4 0 1 2 3 
 -0.266449 0.275223 1.08177 4 0 1 2 3 
 0.604532 0.199769 0.733061 4 0 1 2 3 
 0.532692 0.217163 0.731882 4 0 1 2 3 
 -0.251831 0.293878 0.614572 3 0 1 2 3 
 -0.328171 0.284494 0.745886 4 0 1 2 3 
 -0.389765 0.276845 0.788341 4 0 1 2 3 
 0.11541 -0.100547 2.39318 2 1 2 3 
 1.38166 -0.0318561 2.70828 4 0 1 2 3 
 -0.546435 0.236923 1.39581 3 0 1 2 3 
 -0.482388 0.178625 1.7477 3 0 1 2 3 
 -0.639512 0.181115 1.86417 2 0 1 2 3 
 0.64781 0.2447 0.685005 4 0 1 2 3 
 0.185656 0.280781 0.610323 4 0 1 2 3 
 0.303591 0.275829 0.734795 3 0 1 2 3 
 -1.6065 0.251365 1.58244 3 0 1 2 3 
 0.182431 0.225642 1.24099 4 0 1 2 3 
 0.440731 0.251907 0.62106 4 0 1 2 3 
 0.490743 0.255389 0.691504 4 0 1 2 3 
 0.43496 0.270711 0.709725 4 0 1 2 3 
 -0.0646243 0.17412 1.59393 4 0 1 2 3 
 0.232783 0.286031 0.525085 4 0 1 2 3 
 -0.082988 0.285652 0.513025 3 0 1 2 3 
 -0.110503 0.301224 0.614376 4 0 1 2 3 
 0.820384 0.239439 0.760401 4 0 1 2 3 
 0.372869 0.281649 0.574434 4 0 1 2 3 
 0.191162 0.250315 1.11663 3 0 1 2 3 
 0.351109 0.262384 0.902586 4 0 1 2 3 
 0.073508 0.274355 0.794918 4 0 1 2 3 
 21.4344 -8.03127 28.1108 4 0 1 2 3 
 22.118 -6.54779 22.1086 4 0 1 2 3 
 20.3626 -8.82461 19.9925 2 0 1 2 3 
 20.8979 -4.52039 27.5723 4 0 1 2 3 
 16.3257 -7.62529 28.0697 4 0 1 2 3 
 8.59252 -5.96283 22.4282 4 0 1 2 3 
 -1.0583 0.286957 1.15285 3 0 1 3 
 -0.72441 0.285173 0.912489 4 0 1 2 3 
 -1.37698 0.166987 2.11326 3 0 1 2 3 
 -3.15454 -8.37839 25.2073 4 0 1 2 3 
 -239.651 -63.9551 530.341 4 0 1 2 3 
 -34.4415 -18.2931 54.5475 3 0 1 2 3 
 1.95704 -0.079001 2.63988 4 0 1 2 3 
 1.91754 -0.161026 2.30445 4 0 1 2 3 
 2.63948 -0.0919316 2.47105 3 0 1 2 3 
 -0.719813 0.280737 0.901932 4 0 1 2 3 
 -0.22614 0.256308 0.885399 4 0 1 2 3 
 -1.24168 -1.15243 15.6958 4 0 1 2 3 
 0.57682 0.0802273 2.26404 4 0 1 2 3 
 0.150895 0.26925 0.714982 2 0 1 2 3 
 0.531314 0.248984 0.860091 4 0 1 2 3 
 0.706032 0.214695 1.14283 4 0 1 2 3 
 1.36762 0.173241 1.27503 4 0 1 2 3 
 1.54587 0.0938155 1.49823 4 0 1 2 3 
 -1.78979 -0.0937351 2.52421 4 0 1 2 3 
 -1.2094 0.192076 1.87832 4 0 1 2 3 
 -0.551622 0.286161 0.916407 2 0 1 2 3 
 -0.600801 0.288819 0.863691 2 0 1 2 3 
 -0.689474 0.28364 1.09653 3 0 1 2 3 
 -1.2699 0.250759 1.33229 4 0 1 2 3 
 -0.799143 0.299953 0.881534 3 0 1 3 
 -1.09959 0.294156 1.1943 3 0 1 3 
 -0.135712 0.269594 0.761017 4 0 1 2 3 
 -0.0548564 0.302308 0.490152 4 0 1 2 3 
 -0.0563661 0.298874 0.519995 4 0 1 2 3 
 30.1322 -7.354 34.1687 4 0 1 2 3 
 6.79459 -7.09754 23.906 4 0 1 2 3 
 0.281906 0.291882 0.532864 2 0 3 
 7.08479 -5.43772 24.6347 4 0 1 2 3 
 7.1254 -6.66434 30.3126 4 0 1 2 3 
 10.2193 -7.86864 26.5025 4 0 1 2 3 
 6.35018 -6.63702 22.3548 4 0 1 2 3 
 6.79699 -9.17168 31.2615 4 0 1 2 3 
 28.6061 -7.44091 28.4378 4 0 1 2 3 
 21.3322 -7.04585 31.5414 4 0 1 2 3 
 23.315 -5.1912 30.3825 4 0 1 2 3 
 2.45754 -0.193714 3.29282 3 0 1 2 3 
 21.4567 -9.17139 20.7778 4 0 1 2 3 
 25.5964 -7.61172 25.6332 4 0 1 2 3 
 24.8176 -9.02691 27.779 4 0 1 2 3 
 24.5581 -10.2614 25.3054 4 0 1 2 3 
 19.3528 -6.71155 16.8413 4 0 1 2 3 
 22.1335 -7.26486 20.3789 4 0 1 2 3 
 25.1001 -9.23822 28.4294 4 0 1 2 3 
 26.9237 -10.1721 35.0851 4 0 1 2 3 
 23.6008 -9.58386 26.6239 4 0 1 2 3 
 0.305224 0.272428 0.725956 4 0 1 2 3 
 0.417941 0.264563 0.726234 4 0 1 2 3 
 0.340582 0.270544 0.741415 3 0 1 2 3 
 0.0842542 0.293859 0.558859 3 0 1 2 
 0.126364 0.296191 0.538257 4 0 1 2 3 
 0.458546 0.190978 1.39161 4 0 1 2 3 
 0.641956 0.149071 1.5655 4 0 1 2 3 
 0.683041 0.173411 1.36976 4 0 1 2 3 
 0.412549 0.235703 0.932564 3 0 1 2 3 
 0.395949 0.234123 1.07597 2 0 1 2 3 
 0.430383 0.242862 0.865046 4 0 1 2 3 
 0.595824 0.234475 1.04328 3 0 1 2 3 
 0.335038 0.165786 1.3847 3 0 1 2 3 
 0.0723398 0.273265 0.794059 3 0 1 2 3 
 0.191944 0.267673 0.897437 4 0 1 2 3 
 0.554898 0.2646 0.566641 2 0 1 2 3 
 0.767632 0.250589 0.686989 4 0 1 2 3 
 0.544512 0.281869 0.536078 4 0 1 2 3 
 0.591972 0.287176 0.515288 4 0 1 2 3 
 0.442464 0.288865 0.542167 4 0 1 2 3 
 1.17552 0.197766 1.17296 4 0 1 2 3 
 1.67869 0.100296 1.49278 4 0 1 2 3 
 0.684244 0.241399 0.695167 2 0 1 2 3 
 0.873045 0.237009 0.776437 4 0 1 2 3 
 0.819907 0.238628 0.759958 3 0 1 2 3 
 1.01316 0.231607 0.929229 4 0 1 2 3 
 0.813045 0.178892 1.30364 2 0 1 2 3 
 0.879408 0.155443 1.37906 3 0 1 2 3 
 0.533823 0.217192 0.72827 4 0 1 2 3 
 0.545539 0.206493 0.717686 2 0 1 2 3 
 23.8995 -13.565 47.3632 4 0 1 2 3 
 -0.473211 0.311544 0.604349 2 0 1 2 3 
 -0.364975 0.254054 1.18573 4 0 1 2 3 
 0.279724 0.292574 0.531675 4 0 1 2 3 
 -1.25887 -0.121326 1.55307 3 0 1 2 3 
 -1.25034 0.0261738 2.07266 2 0 1 3 
 -6.22718 -0.615187 11.2627 2 0 1 
 -2.56042 -0.164963 2.69507 2 1 3 
 -4.22279 -4.13103 32.4917 4 0 1 2 3 
 -2.92494 -3.74051 28.7303 4 0 1 2 3 
 27.9699 -7.62947 36.6016 4 0 1 2 3 
 -4.39101 -9.29201 35.0786 4 0 1 2 3 
